0 0.5
1 0.5
2 0.7
3 0.5
4 0.1
5 0.4
6 0.5
7 0.6
8 0.5
9 0.4
10 0.6
11 0.4
12 0.6
13 0.6
14 0.5
15 0.1
16 0.5
17 0.9
18 0.5
19 0.5
20 0.6
21 0.6
22 0.9
23 0.5
24 0.5
25 0.6
26 0.2
27 0.8
28 1
29 0.5
30 0.6
31 0.5
32 0.6
33 0.9
34 0.6
35 0.5
36 0.5
37 0.2
38 0.5
39 1
40 0.4
41 0.6
42 0.5
43 0.5
44 0.9
45 0.7
46 0.7
47 0.5
48 0.2
49 0.5
50 1
51 0.5
52 0.7
53 0.5
54 0.5
55 0.9
56 0.6
57 0.4
58 0.5
59 0.2
60 0.5
61 1
62 0.6
63 0.5
64 0.5
65 0.5
66 0.9
67 0.6
68 1
69 0.8
70 1.1
71 0.3
72 0.5
73 0.2
74 0.4
75 0.4
76 0.5
77 0.6
78 0.5
79 0.4
80 0.4
81 0.5
82 0.5
83 0.7
84 0.2
85 0.4
86 0.5
87 0.5
88 0.4
89 0.5
90 0.5
91 0.6
92 0.5
93 0.6
94 0.5
95 0.2
96 0.6
97 0.6
98 0.5