0 0.3
1 0.2
2 0.2
4 0.3
5 0.2
6 0.3
7 0.3
8 0.3
9 0.3
10 0.3
11 0.2
12 0.3
13 0.4
15 0.3
16 0.3
17 0.3
18 0.3
19 0.3
20 0.3
21 0.4
22 0.3
23 0.3
24 0.3
26 0.4
27 0.6
28 0.7
29 0.8
30 0.6
31 0.6
32 4
33 0.7
34 0.5
35 0.6
36 0.2
37 0.7
38 3
39 0.6
40 0.5
41 0.7
42 0.6
43 3
44 0.6
45 0.9
46 0.6
47 0.1
48 0.6
49 4
50 0.6
51 0.6
52 0.5
53 0.5
54 3
55 0.6
56 0.5
57 0.9
58 0.2
59 0.5
60 3
61 0.6
62 0.5
63 0.6
64 0.6
65 4
66 0.6
67 0.6
68 0.6
69 0.2
70 0.7
71 0.9
72 4
73 0.9
74 0.6
75 0.8
76 5
77 0.9
78 0.6
79 0.7
80 0.2
81 0.8
82 4
83 0.6
84 0.7
85 1
86 1
87 0.9
88 0.8
89 0.8
90 6

