0 0.1
1 0.4
2 0.5
3 0.4
4 0.5
5 0.7
6 0.6
7 0.6
8 0.8
9 0.5
10 0.6
11 0.3
12 0.6
13 0.7
14 0.7
15 0.6
16 0.7
17 0.6
18 0.7
19 0.6
20 2
21 0.6
22 0.2
23 0.6
24 0.9
25 0.7
26 3
27 0.8
28 1
29 0.8
30 0.9
31 3
32 0.8
33 0.2
34 0.6
35 0.7
36 0.5
37 2
38 0.6
39 0.6
40 0.6
41 0.7
42 2
43 0.6
44 0.2
45 0.8
46 0.8
47 0.7
48 2
49 0.7
50 0.7
51 0.7
52 0.6
53 0.6
54 3
55 0.2
56 0.6
57 0.8
58 0.9
59 3
60 0.6
61 0.7
62 1
63 0.7
64 0.9
65 3
66 0.2
67 0.7
68 1
69 0.7
70 0.9
71 1
72 1
73 0.7
74 0.9
75 0.9
76 7


