0 0.3
1 0.3
2 0.2
3 0.3
4 0.3
5 0.4
6 0.3
7 0.1
8 0.3
9 0.3
10 0.3
11 0.3
12 0.3
13 0.3
14 0.3
15 0.3
16 0.3
17 0.3
18 0.1
19 0.5
20 0.3
21 0.3
22 0.4
23 0.5
24 0.5
25 0.5
26 0.5
27 0.6
28 0.5
29 0.2
30 0.6
31 0.4
32 0.5
33 0.6
34 0.5
35 0.5
36 0.5
37 0.6
38 0.5
39 0.6
40 0.2
41 0.7
42 0.6
43 0.5
44 0.5
45 0.5
46 0.5
47 0.6
48 0.7
49 0.5
50 0.5
51 0.2
52 0.5
53 4
54 0.4
55 0.5
56 0.8
57 0.5
58 3
59 0.5
60 0.5
61 0.5
62 0.2
63 0.5
64 3
65 0.5
66 0.5
67 0.4
68 0.8
69 3
70 0.5
71 0.5
72 0.6
73 0.2
74 0.5
75 3
76 0.5
77 0.6
78 0.5
79 0.5
80 3
81 0.5
82 0.6
83 0.5
84 0.2
85 0.5
86 0.6
87 3
88 0.6
89 0.5
90 0.6
91 4
92 0.5
93 0.5
94 0.5
95 0.2
96 0.6
97 3
98 0.6
99 0.7
