0 0.5
1 0.1
2 0.5
3 0.5
4 0.5
5 0.4
6 0.4
7 0.4
8 0.4
9 0.4
10 0.5
11 0.4
12 0.1
13 0.3
14 0.4
15 0.3
16 0.4
17 0.3
18 0.4
19 0.7
20 0.6
21 0.6
22 0.8
23 0.2
24 0.8
25 0.5
26 0.6
27 0.9
28 0.8
29 0.7
30 0.6
31 0.7
32 0.5
33 0.6
34 0.2
35 0.6
36 0.6
37 1
38 0.6
39 0.7
40 0.7
41 0.7
42 0.4
43 0.5
44 0.7
45 0.1
46 0.8
47 0.5
48 0.7
49 2
50 0.6
51 0.7
52 0.6
53 0.5
54 3
55 0.6
56 0.2
57 0.6
58 0.7
59 0.6
60 2
61 0.7
62 0.7
63 0.7
64 0.7
65 3
66 0.6
67 0.2
68 0.6
69 0.5
70 0.6
71 2
72 0.5
73 0.7
74 0.6
75 1
76 0.7
77 2
78 0.2
79 0.8
80 0.7
81 0.5
82 2
83 0.7
84 0.6
85 0.5
86 0.6
87 0.5
88 3
89 0.2
90 0.5
91 0.6
92 0.5
93 3
94 1
95 0.7
96 0.7
97 0.9
98 3
99 0.7
