0 0.6
1 0.7
2 0.8
3 0.6
4 0.6
5 0.6
6 0.6
7 0.6
8 0.2
9 0.6
10 0.9
11 1
12 1
13 0.9
14 0.9
15 0.8
16 0.7
17 0.7
18 0.8
19 0.3
20 1
21 0.9
22 1
23 0.7
24 0.6
25 0.8
26 0.7
27 0.9
28 0.8
29 0.8
30 0.3
31 0.8
32 0.8
33 2
34 0.8
35 0.8
36 0.8
37 3
38 0.9
39 0.8
40 0.9
41 0.3
42 1
43 0.9
44 2
45 0.9
46 0.9
47 0.9
48 2
49 1
50 0.9
51 1
52 0.3
53 0.9
54 0.7
55 2
56 0.8
57 1
58 0.9
59 1
60 2
61 0.7
62 0.8
63 0.3
64 1
65 1
66 3
67 0.8
68 1
69 0.8
70 1
71 2
72 1
73 0.8
74 0.3
75 1
76 1
77 2
78 1
79 0.9
80 1
81 3
82 1
83 1
84 0.9
85 0.5
86 1
87 1
88 1
89 2
90 1
91 1
92 1
93 1
94 2
95 8
